121.01 23.98 16.2 3.5
121.52 24.06 20.4 3.6
121.33 22.57 24.6 3.6
121.78 24.76 83.7 4.0
121.64 23.99 33.6 3.9
121.39 22.43 21.3 5.2
121.36 22.41 18.2 3.9
121.40 22.36 20.3 4.0
121.89 24.44 20.4 3.2
121.45 23.93 19.8 3.9
121.44 23.93 17.6 3.3
121.72 23.42 27.8 4.0
120.61 22.91 11.3 4.0
121.69 24.62 8.2 3.8
121.87 24.97 132.5 5.1
121.59 23.59 35.7 5.2
120.81 22.57 7.2 3.7
121.35 23.05 17.1 4.6
120.52 23.43 9.6 3.1
121.43 23.24 45.2 3.5
121.40 23.21 19.4 4.5
121.52 24.09 14.7 3.1
121.90 24.44 22.6 4.1
120.90 23.29 7.5 3.5
121.94 24.75 83.1 4.7
120.70 23.03 7.9 3.4
122.41 24.48 88.9 4.7
120.72 23.62 11.8 3.5
122.44 24.70 106.0 4.6
121.74 23.51 16.7 4.1
121.53 24.04 19.1 3.0